3702
3027
3549
6598
3357
3618
4177
10240
2880
3020
2547
3312
2968
2621
2776
3679
3239
3506
3076
2977
3218
3404
3581
3414
3770
2361
3446
3184
2266
2890
2850
2906
3146
3751
3079
5627
2954
2948
2646
2766
2737
2931
3135
5160
2994
3242
8177
5190
3404
2626
3165
3035
3158
3040
3129
2632
3882
2984
2604
2929
2829
3188
3186
3130
3302
4304
3504
3470
3555
3315
2806
3595
3097
2961
3242
2936
3178
5918
3627
4182
6814
2649
3094
2705
2753
2741
3565
2920
3358
3366
2879
3055
3582
3877
2974
3206
3422
3242
3022
2609
2533
3844
3388
3088
2715
3514
3214
3540
3130
3739
4081
3184
3182
2813
3081
2808
3341
3356
2834
3714
3365
3421
2970
3350
3168
3165
3170
3180
3528
3400
3182
3707
2949
2321
2946
3411
3893
3642
3201
3017
3318
3012
3591
2746
2887
2532
3320
3542
2746
2734
2867
3424
3163
2962
2808
3151
3044
3321
3308
3542
2986
3851
2910
2598
2835
3288
3818
3512
3072
3133
3125
2713
3523
3676
3053
3194
3369
5033
2695
3112
3350
4007
3268
3299
3797
3796
3037
3570
3385
3420
2484
3551
3228
2718
2995
2943
3492
3729
3953
3284
3029
3158
3635
2962
3144
2802
3664
3061
2743
3530
3033
3322
3113
2743
3807
3202
3945
3510
3111
3258
2873
3604
3460
3270
3777
3294
3723
3904
3260
3196
3844
3724
3543
3082
3383
2973
3784
3668
2881
3430
4116
3632
3623
3919
3148
3285
3806
3250
3236
3045
2691
3878
3086
3002
3134
3461
3704
4148
3568
3358
3016
3895
4443
3313
3030
2618
3517
3780
2709
2949
4011
3803
3535
3190
3441
3462
3298
3680
3129
3537
3426
3825
3161
3466
3707
3379
3570
3877
3905
3802
3494
3565
3355
3459
3134
2859
3406
3445
2886
3065
